3 0.753515625 0.7277777777777777 0.090625 0.16805555555555557
0 0.671484375 0.5770833333333333 0.03671875 0.09027777777777778
3 0.6112968750000001 0.45662499999999995 0.0333515625 0.05241666666666667
3 0.3375 0.5068472222222222 0.0450078125 0.059611111111111115
3 0.6515625 0.45375 0.03046875 0.050833333333333335
1 0.74765625 0.5020833333333333 0.01484375 0.05694444444444444
5 0.234375 0.4532083333333333 0.07162500000000001 0.08781944444444444
1 0.852734375 0.7375 0.0375 0.13472222222222222
3 0.6045390625 0.521375 0.0426640625 0.07254166666666666
2 0.908984375 0.5673611111111111 0.18203125 0.24861111111111112
3 0.3158671875 0.4619027777777778 0.035921875 0.044194444444444446
5 0.702703125 0.5258055555555555 0.0497109375 0.07176388888888889
3 0.56090625 0.4435555555555556 0.02415625 0.05734722222222222
3 0.7974140625 0.48674999999999996 0.0471796875 0.05427777777777777
5 0.6966171875 0.4595277777777778 0.0471484375 0.08862500000000001