3 0.7028645833333333 0.9111111111111111 0.1203125 0.17777777777777778
3 0.48463541666666665 0.6430555555555556 0.05625 0.0962962962962963
3 0.5153645833333333 0.46111111111111114 0.022916666666666665 0.04814814814814815
0 0.7299479166666667 0.6796296296296296 0.058854166666666666 0.12777777777777777
3 0.46681249999999996 0.5349166666666667 0.03653125 0.07011111111111111
1 0.5377604166666666 0.6662037037037037 0.023958333333333335 0.10740740740740741
0 0.5734375 0.5425925925925926 0.0265625 0.0712962962962963
1 0.6 0.7513888888888889 0.0328125 0.12962962962962962
0 0.6799479166666667 0.6412037037037037 0.04739583333333333 0.10185185185185185
1 0.5505208333333333 0.5684074074074074 0.016619791666666668 0.06950925925925926
1 0.5257864583333334 0.5170740740740741 0.015546875 0.060287037037037035