3 0.61328125 0.9194444444444444 0.10703125 0.1597222222222222
0 0.09453125 0.6569444444444444 0.05625 0.10138888888888889
3 0.752734375 0.7375 0.09453125 0.16527777777777777
3 0.670703125 0.5895833333333333 0.0578125 0.1
3 0.788671875 0.5847222222222223 0.05546875 0.07361111111111111
3 0.696484375 0.5576388888888889 0.03984375 0.06944444444444445
3 0.762890625 0.6347222222222222 0.06484375 0.10138888888888889
3 0.57890625 0.58125 0.04453125 0.08194444444444444
3 0.333203125 0.5270833333333333 0.03984375 0.05694444444444444
3 0.6473203125 0.51325 0.038171875 0.05404166666666666
3 0.284765625 0.6284722222222222 0.0625 0.08333333333333333
3 0.917578125 0.5743055555555555 0.05078125 0.06666666666666667
0 0.22590625000000003 0.4736111111111111 0.02475 0.043055555555555555
1 0.268359375 0.5430555555555555 0.01640625 0.058333333333333334
0 0.7342734375 0.47790277777777773 0.0216640625 0.04001388888888889
3 0.6074296875 0.4917222222222222 0.027359375000000002 0.05126388888888889
1 0.588375 0.6564305555555555 0.0222734375 0.09026388888888888