3 0.765671875 0.6003055555555556 0.0711796875 0.11051388888888888
3 0.862890625 0.6138888888888889 0.06875 0.08888888888888889
5 0.17890625 0.525 0.06171875 0.09861111111111111
3 0.851171875 0.7409722222222223 0.103125 0.16805555555555557
3 0.594140625 0.5888888888888889 0.04765625 0.09027777777777778
3 0.6872812500000001 0.5024722222222222 0.0386328125 0.063125
3 0.713671875 0.7135 0.08671875 0.1375
3 0.228515625 0.6180555555555556 0.07109375 0.09305555555555556
3 0.6253515625 0.4804583333333333 0.0335078125 0.055763888888888884
3 0.71696875 0.6231527777777778 0.0578125 0.10277777777777777
3 0.33515625 0.4909722222222222 0.040625 0.05277777777777778
3 0.7202734375000001 0.46008333333333334 0.0332578125 0.051819444444444446
3 0.39392187500000003 0.48895833333333333 0.0370703125 0.04706944444444445
5 0.084328125 0.5505416666666666 0.0772578125 0.10247222222222223