3 0.6614583333333334 0.8347222222222223 0.09114583333333333 0.18333333333333332
1 0.5734375 0.7351851851851852 0.0296875 0.1398148148148148
0 0.6919375 0.5966388888888889 0.04055729166666667 0.09175
0 0.47823958333333333 0.8400740740740741 0.07909375 0.28888888888888886
1 0.5270833333333333 0.6935185185185185 0.024479166666666666 0.11944444444444445
3 0.9361979166666666 0.8893518518518518 0.0578125 0.20555555555555555
1 0.496359375 0.6180000000000001 0.021317708333333334 0.09437962962962963
1 0.6468697916666667 0.5795648148148148 0.019734375000000002 0.075
1 0.5971354166666667 0.5541666666666667 0.017640625 0.0731111111111111
0 0.20201041666666666 0.5600555555555555 0.050520833333333334 0.08425925925925926
1 0.5809895833333333 0.4915833333333333 0.014536458333333334 0.05555555555555555
0 0.7757447916666667 0.6387314814814815 0.052625000000000005 0.10843518518518519
1 0.07126041666666666 0.6870185185185186 0.042317708333333336 0.09717592592592593