3 0.704296875 0.7159722222222222 0.06875 0.11805555555555555
3 0.678515625 0.9055555555555556 0.109375 0.18888888888888888
3 0.823046875 0.8236111111111111 0.1109375 0.17777777777777778
3 0.784375 0.6138888888888889 0.05546875 0.07916666666666666
3 0.9 0.7631944444444444 0.0984375 0.12361111111111112
3 0.631703125 0.6330555555555556 0.0483046875 0.08805555555555555
3 0.7036953125000001 0.5544166666666667 0.03984375 0.05616666666666666
3 0.6634765625 0.5300277777777778 0.027890625000000002 0.04847222222222222
0 0.9375 0.61875 0.03984375 0.07777777777777778
1 0.60696875 0.539138888888889 0.0128359375 0.051152777777777776
3 0.960546875 0.925 0.07890625 0.14722222222222223
3 0.635390625 0.5327361111111111 0.029898437500000003 0.04805555555555556
3 0.9765625 0.65 0.046875 0.10277777777777777
3 0.553515625 0.575 0.03828125 0.07361111111111111