3 0.239453125 0.6638888888888889 0.07421875 0.09861111111111111
1 0.5789765625000001 0.5805972222222222 0.0206484375 0.08134722222222222
3 0.3203125 0.5513888888888889 0.04609375 0.0625
1 0.6207734375 0.514361111111111 0.012648437500000002 0.056
0 0.632421875 0.5881944444444445 0.03515625 0.08888888888888889
0 0.948828125 0.5736111111111111 0.04296875 0.07361111111111111
2 0.7725625 0.5670416666666667 0.1208984375 0.19090277777777775
3 0.90234375 0.9333333333333333 0.146875 0.13333333333333333
1 0.655078125 0.5520833333333334 0.01328125 0.075
1 0.23920312500000002 0.5340972222222222 0.0190234375 0.059569444444444446
3 0.076234375 0.7159027777777779 0.11653125 0.122375
2 0.687109375 0.4722222222222222 0.05546875 0.11388888888888889