3 0.711328125 0.8229166666666666 0.10546875 0.18888888888888888
0 0.753125 0.5798611111111112 0.0390625 0.08194444444444444
3 0.836328125 0.59375 0.06640625 0.10138888888888889
3 0.70625 0.65625 0.0625 0.12222222222222222
3 0.67734375 0.5534722222222223 0.04453125 0.08055555555555556
3 0.616015625 0.6569444444444444 0.059375 0.12083333333333333
1 0.757421875 0.7777777777777778 0.0328125 0.13472222222222222
3 0.558234375 0.5071805555555555 0.0390625 0.07127777777777777
3 0.60078125 0.49236111111111114 0.02890625 0.05555555555555555
3 0.903125 0.7590277777777777 0.1125 0.14027777777777778
0 0.633203125 0.5597222222222222 0.03046875 0.08055555555555556
3 0.692578125 0.4951388888888889 0.0375 0.05694444444444444
3 0.551953125 0.5923611111111111 0.04296875 0.09027777777777778
5 0.3070546875 0.43020833333333336 0.047695312499999996 0.07570833333333334
3 0.355078125 0.5090277777777777 0.040625 0.05694444444444444
2 0.029609375 0.44683333333333336 0.05921875 0.09813888888888889
5 0.737109375 0.44375 0.03125 0.0625
0 0.63 0.46481944444444445 0.0204609375 0.04641666666666667
5 0.6561874999999999 0.4343472222222223 0.0359609375 0.07915277777777778