3 0.5921875 0.6888888888888889 0.06875 0.14629629629629629
3 0.11015625 0.7046296296296296 0.11145833333333334 0.11851851851851852
1 0.6153645833333333 0.49465740740740743 0.0140625 0.05887037037037037
0 0.6963020833333334 0.5809722222222222 0.035812500000000004 0.08505555555555555
1 0.2 0.5671296296296297 0.021354166666666667 0.07685185185185185
1 0.07251041666666666 0.9499351851851853 0.06793229166666667 0.09457407407407407
1 0.6699010416666666 0.60275 0.02209895833333333 0.0884074074074074
1 0.17395833333333333 0.5504629629629629 0.020833333333333332 0.0787037037037037
0 0.7772447916666666 0.6243518518518518 0.053322916666666664 0.10339814814814816
1 0.27005208333333336 0.5861111111111111 0.022916666666666665 0.08333333333333333
1 0.5850833333333333 0.4861944444444445 0.013291666666666667 0.05538888888888889
1 0.1391197916666667 0.5908148148148149 0.028302083333333335 0.08147222222222222