5 0.6119791666666666 0.8416666666666667 0.09114583333333333 0.3138888888888889
3 0.16015625 0.9185185185185185 0.11875 0.15925925925925927
0 0.5598958333333334 0.6208333333333333 0.0296875 0.07685185185185185
3 0.5640625 0.5370370370370371 0.027083333333333334 0.053703703703703705
3 0.5208333333333334 0.6907407407407408 0.057291666666666664 0.11481481481481481
3 0.50234375 0.5574074074074075 0.028645833333333332 0.06018518518518518
1 0.7408854166666666 0.8287037037037037 0.027604166666666666 0.13240740740740742
0 0.284375 0.5157407407407407 0.028645833333333332 0.06018518518518518
5 0.5950520833333334 0.5884259259259259 0.033854166666666664 0.0824074074074074
5 0.14869791666666668 0.7203703703703703 0.11979166666666667 0.16574074074074074
0 0.14192708333333334 0.5930555555555556 0.03802083333333333 0.07037037037037037
1 0.01328125 0.7833333333333333 0.0265625 0.11203703703703703