3 0.53359375 0.9078703703703703 0.0921875 0.18425925925925926
3 0.4544270833333333 0.7199074074074074 0.07447916666666667 0.16944444444444445
0 0.6255208333333333 0.5888888888888889 0.0328125 0.08796296296296297
3 0.13541666666666666 0.8222222222222222 0.125 0.15555555555555556
3 0.16614583333333333 0.6643518518518519 0.09010416666666667 0.1111111111111111
0 0.6158854166666666 0.7726851851851851 0.057291666666666664 0.15185185185185185
1 0.7596354166666667 0.9384259259259259 0.04375 0.12314814814814815
5 0.5404010416666666 0.6740092592592593 0.05930208333333333 0.19642592592592592
3 0.4891770833333334 0.46144444444444443 0.032515625 0.05
3 0.47462499999999996 0.6232777777777778 0.05625 0.1037037037037037
0 0.7341145833333333 0.6569444444444444 0.059895833333333336 0.12314814814814815
0 0.18366666666666667 0.5157407407407407 0.0359375 0.06759259259259259
0 0.8815104166666666 0.7486111111111111 0.07083333333333333 0.1574074074074074
1 0.5190104166666667 0.4439814814814815 0.008854166666666666 0.05185185185185185
0 0.5359375 0.49583333333333335 0.018229166666666668 0.0712962962962963
0 0.6880208333333333 0.6222222222222222 0.04791666666666667 0.0962962962962963
1 0.5708333333333333 0.6013888888888889 0.016145833333333335 0.09166666666666666