3 0.766796875 0.7222222222222222 0.0734375 0.12638888888888888
0 0.6328125 0.9090277777777778 0.0765625 0.1763888888888889
3 0.662109375 0.5729166666666666 0.03984375 0.06944444444444445
3 0.740625 0.5965277777777778 0.0578125 0.09166666666666666
3 0.622265625 0.6229166666666667 0.04765625 0.09166666666666666
0 0.291828125 0.5510833333333333 0.0336640625 0.06170833333333333
3 0.8536796875 0.715361111111111 0.0848203125 0.11070833333333333
3 0.6927265625000001 0.5146388888888889 0.0342578125 0.04948611111111111
0 0.93515625 0.5791666666666667 0.0421875 0.075
0 0.6078828125 0.5470416666666666 0.02578125 0.06055555555555556
1 0.98125 0.7208333333333333 0.0328125 0.10833333333333334
0 0.6516875 0.49468055555555557 0.0211640625 0.04569444444444444
5 0.784765625 0.5368055555555555 0.06171875 0.125