3 0.738640625 0.6819861111111111 0.0719765625 0.11659722222222223
3 0.73828125 0.8715277777777778 0.1046875 0.19444444444444445
3 0.9203125 0.9041666666666667 0.14765625 0.19166666666666668
3 0.630078125 0.9291666666666667 0.10859375 0.14166666666666666
3 0.7984375 0.5944444444444444 0.06015625 0.0763888888888889
3 0.689734375 0.5275833333333334 0.039953125 0.055374999999999994
0 0.9029609375 0.5760416666666667 0.038843749999999996 0.07134722222222221
0 0.341796875 0.5284722222222222 0.03984375 0.075
1 0.7992734375 0.51475 0.013390625 0.04688888888888888
3 0.6242734375000001 0.5210277777777778 0.0315859375 0.05458333333333333
2 0.036601562500000004 0.5138333333333333 0.0731953125 0.1146388888888889
3 0.582859375 0.5828333333333333 0.0370859375 0.07758333333333334
3 0.258046875 0.534125 0.0411015625 0.06823611111111111
1 0.7503359374999999 0.5036527777777777 0.012390624999999999 0.04826388888888889
3 0.6548437500000001 0.6251111111111111 0.0582265625 0.10536111111111111
1 0.6812421875 0.5934722222222223 0.0173671875 0.07363888888888889