3 0.684375 0.6979166666666666 0.06796875 0.12777777777777777
3 0.802734375 0.6708333333333333 0.071875 0.10416666666666667
3 0.60078125 0.66875 0.05 0.12222222222222222
3 0.715625 0.6236111111111111 0.05546875 0.09305555555555556
1 0.695703125 0.8486111111111111 0.0375 0.15694444444444444
3 0.658984375 0.5541666666666667 0.04375 0.075
0 0.940234375 0.5666666666666667 0.04609375 0.07083333333333333
0 0.72421875 0.5526805555555556 0.0316953125 0.06290277777777778
5 0.7655546875 0.5356527777777778 0.0501484375 0.09674999999999999
3 0.5696953125 0.45334722222222223 0.02321875 0.03931944444444444
3 0.16953125 0.7027777777777777 0.08984375 0.10833333333333334
3 0.237109375 0.5506944444444445 0.05625 0.05694444444444444
3 0.6712109374999999 0.5094027777777778 0.0340390625 0.051625000000000004
1 0.57621875 0.600125 0.02021875 0.07386111111111111
0 0.091859375 0.5062638888888888 0.03075 0.04929166666666667
1 0.58075 0.5036666666666666 0.013171875 0.050208333333333334
0 0.0546875 0.47883333333333333 0.02853125 0.042722222222222224
3 0.371484375 0.4835277777777778 0.03203125 0.03434722222222222
1 0.3078125 0.5930277777777778 0.02109375 0.06670833333333334