3 0.59140625 0.6868055555555556 0.06796875 0.14444444444444443
0 0.813671875 0.5319444444444444 0.0359375 0.07083333333333333
3 0.808203125 0.6694444444444444 0.09140625 0.12916666666666668
0 0.7328125 0.5791666666666667 0.03828125 0.08333333333333333
0 0.66953125 0.6527777777777778 0.04453125 0.10972222222222222
0 0.0265625 0.6069444444444444 0.053125 0.09444444444444444
3 0.89296875 0.85625 0.13828125 0.20277777777777778
3 0.36953125 0.5034722222222222 0.04296875 0.06388888888888888
3 0.617578125 0.5402777777777777 0.04453125 0.0763888888888889
3 0.2984375 0.50625 0.04453125 0.059722222222222225
3 0.801953125 0.8805555555555555 0.146875 0.2361111111111111
0 0.72665625 0.4368194444444444 0.022078125 0.04234722222222222
0 0.272453125 0.4827222222222222 0.0300546875 0.05538888888888889
3 0.5741171875 0.47268055555555555 0.029476562499999998 0.0546388888888889
3 0.6765625 0.49391666666666667 0.0375 0.056611111111111105
3 0.3480703125 0.48680555555555555 0.0359921875 0.05
1 0.912109375 0.6048611111111111 0.03046875 0.0875
5 0.6416953125 0.3993472222222222 0.0306640625 0.05548611111111112
3 0.6236484375 0.4745277777777778 0.0301015625 0.04676388888888889