3 0.613671875 0.8895833333333333 0.08984375 0.21388888888888888
3 0.6984375 0.7222222222222222 0.06484375 0.13194444444444445
3 0.810546875 0.6347222222222222 0.06640625 0.0875
3 0.743359375 0.6423611111111112 0.06484375 0.09722222222222222
1 0.70546875 0.8708333333333333 0.03515625 0.16111111111111112
1 0.5555234375 0.6192361111111111 0.020421875 0.08075
0 0.341015625 0.5535972222222222 0.0421875 0.08505555555555556
3 0.6976015624999999 0.546125 0.0393984375 0.05338888888888889
1 0.5683046875 0.5700416666666667 0.0161796875 0.06726388888888889
1 0.5588203125 0.5061388888888889 0.0125 0.04841666666666666
3 0.6508359375 0.5450972222222222 0.0363828125 0.063125
3 0.6319296875 0.5078333333333334 0.027796875 0.0405
3 0.5953125 0.5046527777777778 0.02890625 0.05161111111111111
1 0.0675625 0.6620277777777778 0.0323125 0.08401388888888889
1 0.14752343750000002 0.5636388888888889 0.0244765625 0.058069444444444444
1 0.8022109374999999 0.5761527777777777 0.0187265625 0.04615277777777777
1 0.646921875 0.4927638888888889 0.026101562499999998 0.04116666666666667
3 0.6843046875 0.5122361111111111 0.0334296875 0.04822222222222222