3 0.72421875 0.7069444444444445 0.06796875 0.12083333333333333
3 0.7703125 0.6388888888888888 0.059375 0.10555555555555556
3 0.716796875 0.5534722222222223 0.04296875 0.06805555555555555
1 0.6929453125 0.8059444444444444 0.030429687500000004 0.14922222222222223
3 0.67734375 0.9256944444444445 0.1140625 0.14722222222222223
3 0.657421875 0.6145833333333334 0.04921875 0.09722222222222222
3 0.56484375 0.6541666666666667 0.046875 0.09722222222222222
1 0.5587109375 0.8525694444444445 0.031484374999999995 0.17402777777777778
5 0.962109375 0.84375 0.07578125 0.24444444444444444
3 0.61328125 0.55 0.03828125 0.06666666666666667
5 0.039453125 0.6097222222222223 0.07890625 0.16666666666666666
0 0.701953125 0.5097222222222222 0.02421875 0.05416666666666667
5 0.734375 0.4638888888888889 0.03125 0.05555555555555555
3 0.90625 0.5729166666666666 0.05 0.06527777777777778
2 0.025 0.46319444444444446 0.05 0.10833333333333334
1 0.9234375 0.6472222222222223 0.02890625 0.08611111111111111
3 0.67578125 0.5659722222222222 0.04375 0.08055555555555556