3 0.8328125 0.7145833333333333 0.08828125 0.13472222222222222
3 0.683984375 0.6909722222222222 0.08671875 0.1597222222222222
3 0.88046875 0.90625 0.1625 0.18472222222222223
3 0.6993437499999999 0.5197777777777778 0.0447734375 0.07295833333333333
2 0.7999765625 0.5215694444444444 0.109078125 0.16797222222222222
3 0.656640625 0.5777361111111111 0.05234375 0.09730555555555556
3 0.572265625 0.5270833333333333 0.03671875 0.07916666666666666
3 0.926953125 0.5388888888888889 0.05078125 0.07222222222222222
3 0.293359375 0.575 0.0609375 0.07777777777777778
3 0.6270625 0.48218055555555556 0.0369453125 0.060625
5 0.40859375 0.3996527777777778 0.0234375 0.04375
1 0.5954921875 0.46620833333333334 0.0128515625 0.04673611111111111