1 0.68203125 0.8458333333333333 0.03333333333333333 0.1574074074074074
1 0.50078125 0.8851851851851852 0.034375 0.19074074074074074
1 0.6408489583333333 0.6933796296296296 0.024479166666666666 0.09853703703703703
1 0.80703125 0.9439814814814815 0.04739583333333333 0.11018518518518519
1 0.5594895833333333 0.5288796296296296 0.015213541666666667 0.05834259259259259
5 0.5057291666666667 0.6331388888888888 0.04635416666666667 0.14827777777777776
0 0.8530885416666667 0.7862962962962964 0.10683854166666666 0.1736388888888889
1 0.54365625 0.5007962962962963 0.011729166666666667 0.0479537037037037
1 0.19791666666666666 0.6958333333333333 0.028645833333333332 0.0962962962962963
1 0.041291666666666664 0.6816388888888889 0.036484375 0.08940740740740741
1 0.13567708333333334 0.5909166666666668 0.023666666666666666 0.06797222222222223
1 0.17715625 0.6025925925925926 0.027208333333333334 0.06762037037037037
1 0.3131145833333333 0.53 0.016552083333333335 0.052814814814814814