3 0.7 0.8486111111111111 0.0890625 0.18194444444444444
3 0.585546875 0.7916666666666666 0.06640625 0.14305555555555555
3 0.766015625 0.8076388888888889 0.07578125 0.15833333333333333
0 0.965234375 0.8868055555555555 0.06875 0.15416666666666667
3 0.29609375 0.6659722222222222 0.06953125 0.09305555555555556
3 0.591796875 0.6444444444444445 0.05 0.09444444444444444
3 0.690625 0.6152777777777778 0.0546875 0.09166666666666666
1 0.6953125 0.5381944444444444 0.0125 0.044444444444444446
0 0.731671875 0.5399166666666667 0.026492187499999997 0.045166666666666674
3 0.814453125 0.6520833333333333 0.06953125 0.09444444444444444
0 0.593453125 0.5629444444444445 0.024406249999999997 0.059569444444444446
3 0.8984375 0.6097222222222223 0.05234375 0.06666666666666667
0 0.2619765625 0.6287777777777778 0.038796874999999995 0.08255555555555555
3 0.2950546875 0.5551805555555556 0.038796874999999995 0.050305555555555555
0 0.15338281250000002 0.5527083333333334 0.029664062499999998 0.05586111111111111
1 0.534375 0.6340277777777777 0.01796875 0.08055555555555556
1 0.5484375 0.5770833333333333 0.0125 0.0625
1 0.8596406249999999 0.5961388888888889 0.0267578125 0.06145833333333333
1 0.619140625 0.7375 0.02734375 0.11388888888888889
3 0.628390625 0.55025 0.035453125 0.04876388888888889
1 0.6695859375000001 0.5289305555555556 0.014101562500000001 0.045861111111111116