1 0.9402968749999999 0.6023611111111111 0.0380625 0.14347222222222222
1 0.803796875 0.5033888888888889 0.030046875 0.12513888888888888
1 0.765546875 0.41738888888888886 0.02765625 0.11186111111111112
1 0.7493125 0.38861111111111113 0.023859375 0.10652777777777778
1 0.729671875 0.3894444444444444 0.025500000000000002 0.10919444444444446
1 0.63946875 0.37644444444444447 0.027890625000000002 0.10427777777777777
1 0.6930468750000001 0.4166666666666667 0.027875 0.09338888888888888
1 0.674765625 0.4654166666666667 0.030703124999999998 0.09969444444444445
1 0.66128125 0.52575 0.032484374999999996 0.11688888888888889
1 0.63578125 0.5897777777777777 0.030796875 0.16166666666666668
1 0.622265625 0.5513333333333333 0.028734375 0.12813888888888889
1 0.57509375 0.5639722222222222 0.040609374999999996 0.1288888888888889
1 0.513109375 0.7638055555555556 0.05028125 0.15844444444444444
3 0.463453125 0.8688611111111112 0.104484375 0.23969444444444446
1 0.44751562500000003 0.7479166666666667 0.05165625 0.15688888888888888
1 0.7455625 0.5251666666666667 0.033609375000000004 0.09275
1 0.742078125 0.6458055555555556 0.035671875 0.14422222222222222
1 0.704578125 0.7649722222222222 0.037546875 0.16677777777777777
1 0.68309375 0.7389444444444444 0.037093749999999995 0.1655
1 0.68875 0.6639722222222222 0.037625 0.09780555555555556
0 0.584640625 0.7319444444444444 0.080734375 0.19394444444444442
0 0.880984375 0.9191944444444445 0.07914062499999999 0.16161111111111112
0 0.809234375 0.6822222222222222 0.071546875 0.1643888888888889
0 0.462671875 0.5732222222222223 0.063078125 0.15730555555555556
3 0.8510624999999999 0.7879722222222223 0.111234375 0.19375
3 0.316265625 0.9474166666666667 0.124703125 0.10519444444444444
3 0.30559375 0.767 0.10110937499999999 0.18775
3 0.31457812500000004 0.6731111111111111 0.08987500000000001 0.13183333333333333
3 0.3758125 0.6421388888888888 0.07976562499999999 0.16177777777777777
3 0.28875 0.6081944444444444 0.08089062500000001 0.14980555555555555
3 0.315140625 0.5382777777777777 0.07303125 0.12983333333333333
3 0.38665625000000003 0.4853055555555556 0.06596874999999999 0.12474999999999999
3 0.510515625 0.4728333333333333 0.06526562500000001 0.11227777777777778
3 0.59121875 0.514 0.07648437500000001 0.13472222222222222
3 0.196734375 0.8143888888888889 0.1150625 0.18433333333333332
3 0.12996875000000002 0.9166666666666666 0.12073437499999999 0.16666666666666666