0 0.9412968749999999 0.9179444444444443 0.117390625 0.1388888888888889
1 0.658734375 0.8295555555555555 0.09768750000000001 0.3408888888888889
1 0.8618124999999999 0.5542777777777778 0.08054687499999999 0.3712222222222222
1 0.688546875 0.42677777777777776 0.07209375 0.32322222222222224
1 0.925734375 0.2209722222222222 0.06065625 0.27525
1 0.763109375 0.226 0.06782812499999999 0.26008333333333333
1 0.643109375 0.2222222222222222 0.060750000000000005 0.27272222222222225
3 0.164765625 0.8775277777777778 0.22443749999999998 0.24494444444444446
3 0.191046875 0.6287777777777778 0.203125 0.3888888888888889
3 0.264203125 0.50125 0.204546875 0.3106111111111111
3 0.59871875 0.6590833333333334 0.203125 0.35858333333333337
3 0.46378125 0.27652777777777776 0.17471874999999998 0.38130555555555556
3 0.311078125 0.17297222222222222 0.144890625 0.2601111111111111
3 0.09232812500000001 0.1868611111111111 0.12784374999999998 0.24241666666666667
3 0.159796875 0.11869444444444444 0.132109375 0.2373611111111111