1 0.671515625 0.2891388888888889 0.077796875 0.28030555555555553
1 0.736125 0.1111111111111111 0.059312500000000004 0.2222222222222222
1 0.89590625 0.12375 0.07203125 0.23230555555555554
1 0.825609375 0.34469444444444447 0.073484375 0.32575
1 0.628203125 0.10480555555555554 0.056515625 0.20958333333333334
1 0.978953125 0.5113611111111112 0.04209375 0.27019444444444446
1 0.62890625 0.6237222222222222 0.092015625 0.3636388888888889
0 0.8980312500000001 0.8068055555555556 0.19275 0.3712222222222222
3 0.5 0.9217222222222222 0.232953125 0.15655555555555556
3 0.133515625 0.9103611111111112 0.230109375 0.17930555555555555
3 0.20382812499999997 0.761361111111111 0.214484375 0.32575
3 0.21804687500000003 0.4886388888888889 0.20596874999999998 0.3106111111111111
3 0.30256249999999996 0.3888888888888889 0.176140625 0.2979722222222222
3 0.4453125 0.16919444444444443 0.1661875 0.33838888888888885
3 0.33309375 0.08333333333333333 0.117890625 0.16666666666666666
3 0.066046875 0.36488888888888893 0.132109375 0.3358611111111111
3 0.0681875 0.18180555555555555 0.136359375 0.18180555555555555