1 0.9129375 0.07955555555555556 0.0578125 0.15908333333333335
1 0.873875 0.8724722222222222 0.1473125 0.25505555555555554
1 0.8156718749999999 0.7701944444444444 0.11895312499999999 0.35858333333333337
3 0.14559375000000002 0.8156666666666667 0.28835937500000003 0.3636388888888889
3 0.527703125 0.8106111111111111 0.25710937500000003 0.3787777777777778
3 0.22940624999999998 0.6401388888888888 0.23153125000000002 0.5631388888888889
3 0.21306250000000002 0.4293055555555556 0.25284375 0.42424999999999996
3 0.621453125 0.5126388888888889 0.251421875 0.4545555555555555
3 0.887078125 0.42677777777777776 0.22585937500000003 0.4191944444444444
3 0.279828125 0.1893888888888889 0.21590625000000002 0.36869444444444444
3 0.5703125 0.21591666666666667 0.1974375 0.38130555555555556
3 0.498578125 0.09597222222222221 0.173296875 0.19191666666666668