0 0.46275000000000005 0.5871111111111111 0.057984375 0.09344444444444444
0 0.5855937499999999 0.7828333333333333 0.06787499999999999 0.16666666666666666
3 0.859765625 0.83475 0.126296875 0.22644444444444442
0 0.8298593750000001 0.7058055555555556 0.07062500000000001 0.09344444444444444
0 0.9029999999999999 0.9482222222222223 0.0890625 0.10352777777777779
1 0.68578125 0.8420833333333333 0.047 0.2217222222222222
1 0.821296875 0.5419166666666667 0.038828125000000005 0.14222222222222222
1 0.9903124999999999 0.6793055555555556 0.019375 0.14647222222222223
1 0.7601093750000001 0.5848888888888889 0.039984375 0.1473611111111111
1 0.781875 0.4533333333333333 0.026171875 0.11888888888888888
1 0.6967187499999999 0.45033333333333336 0.030453124999999998 0.10597222222222222
1 0.68065625 0.5078333333333334 0.031265625000000005 0.09691666666666666
1 0.668265625 0.5637222222222222 0.032 0.10283333333333335
1 0.6280625 0.5996388888888889 0.032734374999999996 0.14208333333333334
1 0.58346875 0.6136944444444444 0.03121875 0.13402777777777777
3 0.462 0.9212222222222222 0.13384374999999998 0.15755555555555556
1 0.5206875 0.8576111111111111 0.041484375000000004 0.21786111111111112
1 0.725421875 0.7067777777777777 0.038906249999999996 0.15777777777777777
1 0.703125 0.741 0.03465625 0.1351388888888889
1 0.6697031250000001 0.7890833333333334 0.038593749999999996 0.16161111111111112
3 0.287671875 0.8366666666666667 0.106859375 0.21491666666666667
3 0.150578125 0.8894444444444444 0.126296875 0.20533333333333334
3 0.07178124999999999 0.9528888888888889 0.132765625 0.09422222222222222
3 0.286046875 0.742638888888889 0.094984375 0.16119444444444445
3 0.26770312500000004 0.6495833333333333 0.08203125 0.1516111111111111
3 0.353515625 0.6889166666666666 0.078796875 0.16119444444444445
3 0.494921875 0.6918055555555556 0.083109375 0.1631111111111111
3 0.537015625 0.7311388888888888 0.078796875 0.15736111111111112