2 0.8796875 0.7493055555555556 0.2390625 0.4986111111111111
2 0.676171875 0.06944444444444445 0.12109375 0.07777777777777778
5 0.2828125 0.09513888888888888 0.0328125 0.06527777777777778
0 0.94453125 0.3055555555555556 0.059375 0.1
0 0.652734375 0.4125 0.05703125 0.1361111111111111
0 0.625390625 0.27847222222222223 0.04296875 0.09583333333333334
1 0.58671875 0.38680555555555557 0.028125 0.12083333333333333
1 0.705859375 0.5631944444444444 0.04296875 0.17916666666666667
1 0.623046875 0.9194444444444444 0.06640625 0.15833333333333333
1 0.549609375 0.24375 0.02109375 0.08472222222222223
1 0.830859375 0.3902777777777778 0.02890625 0.075
5 0.33046875 0.2298611111111111 0.0609375 0.11527777777777778