0 0.53046875 0.21597222222222223 0.03125 0.07916666666666666
0 0.14921875 0.29444444444444445 0.05 0.09722222222222222
0 0.520703125 0.7118055555555556 0.08203125 0.24583333333333332
0 0.5140625 0.30625 0.0421875 0.10138888888888889
0 0.676953125 0.425 0.06484375 0.14444444444444443
1 0.870703125 0.91875 0.07890625 0.1597222222222222
1 0.563671875 0.2152777777777778 0.01796875 0.06944444444444445
1 0.43671875 0.44583333333333336 0.0390625 0.1527777777777778
1 0.487890625 0.23680555555555555 0.01953125 0.0763888888888889
1 0.926171875 0.66875 0.06796875 0.1986111111111111
1 0.60859375 0.4166666666666667 0.0328125 0.12222222222222222
5 0.3375 0.2326388888888889 0.0734375 0.11527777777777778