5 0.2265625 0.21875 0.046875 0.08472222222222223
5 0.084375 0.2861111111111111 0.0734375 0.11666666666666667
5 0.719921875 0.38819444444444445 0.13671875 0.2708333333333333
5 0.630078125 0.275 0.05546875 0.13055555555555556
0 0.071484375 0.19305555555555556 0.03671875 0.05555555555555555
5 0.324609375 0.27847222222222223 0.07421875 0.11527777777777778
1 0.01796875 0.47638888888888886 0.0359375 0.11666666666666667
1 0.5953125 0.84375 0.0546875 0.2652777777777778
1 0.630859375 0.7097222222222223 0.04765625 0.2111111111111111
1 0.568359375 0.3888888888888889 0.02734375 0.10833333333333334
1 0.805078125 0.3888888888888889 0.03828125 0.11666666666666667
1 0.539453125 0.6576388888888889 0.04140625 0.18194444444444444