5 0.04453125 0.28888888888888886 0.0890625 0.18611111111111112
5 0.76171875 0.48055555555555557 0.1359375 0.2833333333333333
5 0.13046875 0.21875 0.06875 0.10694444444444444
5 0.263671875 0.13055555555555556 0.06484375 0.10277777777777777
5 0.3442109375 0.2521805555555555 0.06498437500000001 0.10993055555555556
5 0.5890625 0.12222222222222222 0.04375 0.1111111111111111
0 0.14296875 0.15 0.03125 0.04722222222222222
0 0.975 0.35208333333333336 0.0484375 0.10416666666666667
0 0.907421875 0.28958333333333336 0.06171875 0.09027777777777778
0 0.57578125 0.2701388888888889 0.0359375 0.0875
1 0.0878359375 0.41370833333333334 0.042390625 0.11105555555555555
1 0.155859375 0.3019027777777778 0.025546875000000004 0.09216666666666666
5 0.68125 0.22361111111111112 0.09375 0.19166666666666668