2 0.0921875 0.22847222222222222 0.146875 0.14305555555555555
5 0.22421875 0.20972222222222223 0.0796875 0.11944444444444445
5 0.134765625 0.2875 0.07421875 0.12222222222222222
5 0.337109375 0.28541666666666665 0.05859375 0.10972222222222222
0 0.672265625 0.2965277777777778 0.03828125 0.0875
0 0.972265625 0.44375 0.05390625 0.12361111111111112
0 0.031640625 0.4986111111111111 0.06328125 0.14444444444444443
1 0.7234375 0.5756944444444444 0.0421875 0.1597222222222222
1 0.08203125 0.40625 0.034375 0.0875
1 0.206640625 0.34930555555555554 0.03046875 0.09027777777777778
5 0.610546875 0.2520833333333333 0.07890625 0.2263888888888889