3 0.40859375 0.5833333333333334 0.1046875 0.21388888888888888
3 0.116796875 0.5159722222222223 0.11484375 0.1625
0 0.651953125 0.6180555555555556 0.08515625 0.20833333333333334
3 0.226953125 0.26666666666666666 0.06796875 0.08611111111111111
3 0.8140625 0.1798611111111111 0.05625 0.06805555555555555
3 0.094921875 0.41388888888888886 0.10859375 0.12777777777777777
3 0.659375 0.1763888888888889 0.040625 0.075
5 0.619140625 0.2222222222222222 0.04140625 0.07777777777777778
3 0.2078125 0.10416666666666667 0.0328125 0.041666666666666664
3 0.516796875 0.12222222222222222 0.03203125 0.06111111111111111
5 0.585546875 0.18958333333333333 0.03359375 0.07083333333333333
1 0.701953125 0.25943055555555555 0.02109375 0.08984722222222222
1 0.5318828124999999 0.27105555555555555 0.01875 0.0920138888888889
1 0.80703125 0.21405555555555555 0.028125 0.071875
1 0.7734375 0.8935000000000001 0.0609375 0.21020833333333333
1 0.29140625 0.12169444444444445 0.0125 0.04548611111111111
1 0.5505390625000001 0.17936111111111108 0.01484375 0.06748611111111112
1 0.225 0.1821111111111111 0.015625 0.05520833333333333
1 0.315234375 0.14320833333333333 0.01171875 0.049694444444444444
1 0.618359375 0.3199444444444445 0.02421875 0.10526388888888889
1 0.301171875 0.09918055555555555 0.01171875 0.04054166666666667
1 0.5671875 0.6122916666666667 0.046875 0.10041666666666667
1 0.21328125 0.20220833333333335 0.015625 0.05390277777777778
2 0.11015625 0.13819444444444445 0.0984375 0.10138888888888889
0 0.1640625 0.12013888888888889 0.021875 0.04861111111111111
5 0.919921875 0.5381944444444444 0.16015625 0.44305555555555554
5 0.0671875 0.2611111111111111 0.125 0.17222222222222222
5 0.339453125 0.07777777777777778 0.02421875 0.05277777777777778
5 0.35703125 0.22430555555555556 0.0734375 0.11527777777777778
5 0.541796875 0.8236111111111111 0.14453125 0.35
0 0.28484375 0.08083333333333334 0.0224921875 0.03834722222222222
1 0.664140625 0.09041666666666666 0.01015625 0.04151388888888889