3 0.436328125 0.8111111111111111 0.15546875 0.375
3 0.0265625 0.5840277777777778 0.053125 0.13194444444444445
3 0.466796875 0.31875 0.06171875 0.1125
3 0.506640625 0.22361111111111112 0.04765625 0.08333333333333333
3 0.07890625 0.38263888888888886 0.1046875 0.12083333333333333
3 0.35625 0.14791666666666667 0.0390625 0.04583333333333333
3 0.30859375 0.21458333333333332 0.05 0.06805555555555555
0 0.521484375 0.1375 0.02421875 0.06111111111111111
1 0.166015625 0.25555555555555554 0.02421875 0.06666666666666667
2 0.752734375 0.25763888888888886 0.16640625 0.25972222222222224
2 0.320703125 0.059027777777777776 0.05546875 0.07916666666666666
5 0.03046875 0.2951388888888889 0.0609375 0.14583333333333334
5 0.910546875 0.5402777777777777 0.14609375 0.2861111111111111
0 0.7640625 0.46458333333333335 0.0953125 0.22083333333333333
5 0.575 0.3215277777777778 0.0609375 0.17083333333333334
5 0.14765625 0.19236111111111112 0.09375 0.12916666666666668
5 0.23046875 0.21388888888888888 0.059375 0.09444444444444444
5 0.278125 0.16319444444444445 0.0546875 0.09305555555555556
5 0.359375 0.21944444444444444 0.0734375 0.11666666666666667
5 0.6374531250000001 0.1820138888888889 0.056859375000000004 0.11525
0 0.9210859375 0.2507638888888889 0.05225 0.09441666666666668
0 0.9838046874999999 0.31255555555555553 0.032382812500000004 0.11247222222222222