2 0.742578125 0.17083333333333334 0.16796875 0.175
2 0.6328125 0.04652777777777778 0.078125 0.09305555555555556
0 0.8796875 0.19305555555555556 0.0390625 0.075
5 0.067578125 0.27847222222222223 0.09296875 0.14583333333333334
5 0.329296875 0.22152777777777777 0.05546875 0.11805555555555555
5 0.266796875 0.15694444444444444 0.04296875 0.08888888888888889
1 0.76015625 0.8534722222222222 0.0671875 0.26805555555555555
1 0.648046875 0.6298611111111111 0.04921875 0.2125
1 0.190625 0.20456944444444444 0.0171875 0.06862499999999999
1 0.761328125 0.5652777777777778 0.04296875 0.18333333333333332
1 0.459375 0.2066666666666667 0.0203125 0.07609722222222222
1 0.9515625 0.30069444444444443 0.028125 0.10138888888888889
1 0.078203125 0.180125 0.02046875 0.050847222222222224