2 0.812109375 0.22708333333333333 0.20546875 0.20694444444444443
2 0.684765625 0.06527777777777778 0.09765625 0.07777777777777778
0 0.175390625 0.12291666666666666 0.02734375 0.04861111111111111
5 0.332421875 0.2361111111111111 0.05703125 0.11388888888888889
5 0.25078125 0.1673611111111111 0.046875 0.09027777777777778
5 0.309375 0.15694444444444444 0.040625 0.08611111111111111
3 0.467578125 0.44027777777777777 0.07578125 0.15
3 0.46015625 0.26944444444444443 0.0515625 0.09166666666666666
3 0.65546875 0.25416666666666665 0.0546875 0.09722222222222222
0 0.066796875 0.2673611111111111 0.04921875 0.08472222222222223
0 0.571484375 0.27708333333333335 0.03984375 0.09583333333333334
1 0.61796875 0.6638888888888889 0.0390625 0.19722222222222222
1 0.627734375 0.5243055555555556 0.03984375 0.16527777777777777
1 0.255859375 0.23958333333333334 0.02109375 0.07083333333333333
1 0.19921875 0.18472222222222223 0.01875 0.06111111111111111
1 0.33984375 0.7305555555555555 0.05625 0.23333333333333334