2 0.68828125 0.30833333333333335 0.178125 0.3611111111111111
2 0.63828125 0.05763888888888889 0.0984375 0.09305555555555556
0 0.16796875 0.10972222222222222 0.0265625 0.04722222222222222
5 0.134765625 0.18958333333333333 0.06953125 0.10694444444444444
0 0.07890625 0.14027777777777778 0.0359375 0.05555555555555555
3 0.59140625 0.11736111111111111 0.0296875 0.04861111111111111
3 0.732421875 0.18055555555555555 0.06171875 0.08055555555555556
1 0.54209375 0.20330555555555554 0.0169921875 0.07118055555555555
1 0.578515625 0.4652777777777778 0.03515625 0.15555555555555556
1 0.2299453125 0.1678472222222222 0.016140625 0.05875
1 0.223046875 0.25281944444444443 0.02421875 0.08881944444444445
1 0.569140625 0.25416666666666665 0.01953125 0.09166666666666666
1 0.9765625 0.7048611111111112 0.046875 0.20416666666666666
1 0.5748046875 0.1996527777777778 0.019921875 0.06734722222222222
0 0.5109375 0.5131944444444444 0.0625 0.17083333333333334
5 0.333203125 0.21944444444444444 0.07578125 0.11944444444444445