2 0.819140625 0.21666666666666667 0.20703125 0.19722222222222222
0 0.0953125 0.14166666666666666 0.0359375 0.05555555555555555
0 0.505859375 0.4708333333333333 0.05859375 0.16944444444444445
0 0.28125 0.14652777777777778 0.028125 0.059722222222222225
0 0.748828125 0.4111111111111111 0.06953125 0.13055555555555556
5 0.346875 0.2263888888888889 0.075 0.11388888888888889
0 0.591796875 0.23402777777777778 0.04453125 0.11527777777777778
0 0.181640625 0.11180555555555556 0.02578125 0.04861111111111111
1 0.573828125 0.7923611111111111 0.06015625 0.23194444444444445
1 0.06015625 0.5138888888888888 0.05 0.1527777777777778
1 0.157421875 0.4583333333333333 0.03984375 0.1361111111111111
1 0.628515625 0.2222222222222222 0.01796875 0.08055555555555556
1 0.59375 0.46875 0.0328125 0.14583333333333334
1 0.9171875 0.9444444444444444 0.0953125 0.10833333333333334
1 0.807421875 0.3902777777777778 0.03671875 0.13055555555555556