0 0.58359375 0.8097222222222222 0.0921875 0.28055555555555556
1 0.6203125 0.6513888888888889 0.05625 0.19166666666666668
3 0.8592265625 0.39670833333333333 0.057374999999999995 0.10295833333333333
3 0.801171875 0.32137499999999997 0.0563359375 0.07733333333333334
3 0.5480234375 0.49379166666666663 0.06489062500000001 0.1356527777777778
3 0.47778124999999994 0.3150277777777778 0.0385078125 0.0798611111111111
0 0.56478125 0.3955416666666667 0.0385078125 0.09381944444444444
0 0.8931640625 0.33784722222222224 0.0420703125 0.08747222222222222
0 0.85821875 0.30869444444444444 0.039218750000000004 0.08240277777777777
0 0.7402031250000001 0.2801666666666667 0.037078125 0.06591666666666667
5 0.67103125 0.2928472222222222 0.0541953125 0.10395833333333332
5 0.6100625 0.24847222222222223 0.044921875 0.10141666666666665
1 0.5423125 0.30933333333333335 0.017828125 0.06845833333333333
1 0.56790625 0.2997222222222222 0.019539062500000003 0.07036111111111111
3 0.555375 0.24716666666666667 0.0315625 0.059680555555555556
3 0.499015625 0.2351388888888889 0.0290625 0.04809722222222223
0 0.7024296875 0.26943055555555556 0.022046875 0.06680555555555556
5 0.1508046875 0.6747083333333334 0.161328125 0.2467222222222222
3 0.07765625000000001 0.5740555555555555 0.115234375 0.14518055555555556
3 0.055609375 0.4208611111111111 0.0881796875 0.08995833333333333
0 0.16082812500000002 0.38834722222222223 0.050101562499999995 0.09619444444444446
3 0.20817187499999998 0.4208611111111111 0.0666328125 0.08818055555555555
1 0.208921875 0.485875 0.0350703125 0.10420833333333333
3 0.3056171875 0.38122222222222224 0.0671328125 0.08194444444444444
3 0.30662500000000004 0.3015 0.050101562499999995 0.06502777777777778
5 0.2575234375 0.27255555555555555 0.0571171875 0.08729166666666667
0 0.0871796875 0.30283333333333334 0.04609375 0.06769444444444445
0 0.10646875 0.2640972222222222 0.036578125 0.05433333333333333
0 0.163328125 0.2445 0.0300625 0.050763888888888886
3 0.2194453125 0.25652777777777774 0.0350703125 0.05522222222222222
3 0.21418750000000003 0.22490277777777778 0.0355703125 0.03651388888888889
5 0.31163281249999997 0.22490277777777778 0.0360703125 0.06680555555555556
0 0.254265625 0.21600000000000003 0.024546875000000003 0.03830555555555555
0 0.26954687499999996 0.19906944444444447 0.0210390625 0.03473611111111111
0 0.345703125 0.23336111111111113 0.023046875 0.04631944444444445
5 0.694734375 0.4353472222222222 0.07275781249999999 0.18612499999999998