3 0.133203125 0.47430555555555554 0.10859375 0.14027777777777778
3 0.644140625 0.4479166666666667 0.08046875 0.1597222222222222
3 0.462109375 0.3645833333333333 0.06171875 0.13472222222222222
3 0.516796875 0.29444444444444445 0.05703125 0.1
3 0.15390625 0.3173611111111111 0.0734375 0.10138888888888889
3 0.48671875 0.1951388888888889 0.0453125 0.0875
3 0.747265625 0.30972222222222223 0.06015625 0.13055555555555556
3 0.2125 0.34652777777777777 0.075 0.10972222222222222
3 0.81015625 0.18888888888888888 0.0578125 0.06944444444444445
3 0.521875 0.15208333333333332 0.0296875 0.06527777777777778
3 0.315625 0.1951388888888889 0.0515625 0.0763888888888889
3 0.29140625 0.10208333333333333 0.0234375 0.034722222222222224
0 0.979296875 0.3215277777777778 0.03984375 0.10416666666666667
3 0.355859375 0.14166666666666666 0.03046875 0.04722222222222222
3 0.752734375 0.1909722222222222 0.06484375 0.08194444444444444
3 0.330859375 0.13402777777777777 0.02734375 0.04861111111111111
1 0.517578125 0.6358333333333334 0.0487265625 0.2033194444444444
1 0.01015625 0.5625 0.0203125 0.1111111111111111
1 0.80034375 0.8748472222222222 0.0671875 0.25031944444444443
2 0.687109375 0.06458333333333334 0.12890625 0.07916666666666666
2 0.21953125 0.11875 0.1203125 0.12083333333333333
2 0.60390625 0.07916666666666666 0.0625 0.08611111111111111
0 0.154296875 0.12569444444444444 0.02109375 0.04861111111111111
5 0.057421875 0.24930555555555556 0.11484375 0.15694444444444444
5 0.6640625 0.1986111111111111 0.0875 0.17777777777777778
5 0.345703125 0.23125 0.05859375 0.11527777777777778
0 0.16015625 0.1951388888888889 0.0390625 0.07083333333333333
5 0.905078125 0.6611111111111111 0.18828125 0.5305555555555556
5 0.217578125 0.16111111111111112 0.05703125 0.10277777777777777