3 0.232421875 0.3923611111111111 0.06640625 0.09027777777777778
3 0.046484375 0.3486111111111111 0.07734375 0.07777777777777778
3 0.479296875 0.2743055555555556 0.03828125 0.0625
3 0.48107812499999997 0.20881944444444445 0.031234374999999998 0.05638888888888889
3 0.517578125 0.23194444444444445 0.03203125 0.05
3 0.25234375 0.24444444444444444 0.0421875 0.05
3 0.29921875 0.29930555555555555 0.040625 0.06805555555555555
3 0.0125 0.4152777777777778 0.025 0.058333333333333334
1 0.58684375 0.7225 0.0481953125 0.21331944444444445
1 0.58828125 0.4848194444444444 0.0265625 0.12593055555555555
1 0.676171875 0.20555555555555555 0.01484375 0.03611111111111111
2 0.105078125 0.5597222222222222 0.21015625 0.4361111111111111
2 0.653515625 0.15694444444444444 0.10859375 0.08055555555555556
5 0.915234375 0.7993055555555556 0.16796875 0.3902777777777778
3 0.4453125 0.4166666666666667 0.05625 0.12222222222222222
0 0.088671875 0.2423611111111111 0.03515625 0.05416666666666667
5 0.71953125 0.5986111111111111 0.1671875 0.4305555555555556
0 0.540625 0.4284722222222222 0.0546875 0.1625
5 0.5953125 0.22847222222222222 0.053125 0.13194444444444445
5 0.330078125 0.33125 0.06171875 0.11527777777777778
5 0.683984375 0.3125 0.05859375 0.13333333333333333
0 0.487109375 0.54375 0.05546875 0.1625
5 0.205859375 0.225 0.05390625 0.08888888888888889
0 0.209375 0.2847222222222222 0.0359375 0.06944444444444445
0 0.154828125 0.2222222222222222 0.029406250000000002 0.058333333333333334
0 0.830078125 0.35518055555555555 0.0635546875 0.10177777777777777
3 0.7852421875 0.2927222222222222 0.050937500000000004 0.08722222222222221
0 0.8813359374999999 0.30456944444444445 0.041921875 0.08045833333333333
0 0.54571875 0.21970833333333334 0.0256640625 0.051527777777777777