2 0.6125 0.04375 0.059375 0.07083333333333333
3 0.2125 0.20833333333333334 0.0625 0.07222222222222222
0 0.186328125 0.11458333333333333 0.02578125 0.04861111111111111
0 0.15625 0.12291666666666666 0.028125 0.04861111111111111
5 0.828125 0.3680555555555556 0.171875 0.35
5 0.130078125 0.21041666666666667 0.07265625 0.11805555555555555
5 0.7484375 0.7798611111111111 0.18125 0.4375
5 0.5593515625000001 0.3864861111111111 0.0959765625 0.300375
5 0.34375 0.22847222222222222 0.05625 0.11527777777777778
3 0.23359375 0.15138888888888888 0.0328125 0.058333333333333334
5 0.26640625 0.09930555555555555 0.0453125 0.08194444444444444
3 0.318359375 0.8951388888888889 0.18359375 0.20694444444444443
3 0.45078125 0.35138888888888886 0.0671875 0.12222222222222222
0 0.450390625 0.5611111111111111 0.06796875 0.19444444444444445
3 0.47421875 0.25763888888888886 0.0515625 0.09027777777777778
1 0.982421875 0.38472222222222224 0.03359375 0.10555555555555556
1 0.503421875 0.196875 0.0208984375 0.07570833333333334
1 0.4783203125 0.17743055555555556 0.016015625 0.06181944444444444
1 0.69209375 0.4980833333333333 0.040828125 0.13647222222222222
1 0.66596875 0.19461111111111112 0.0178828125 0.06633333333333333
3 0.09765625 0.44305555555555554 0.1265625 0.14166666666666666
3 0.196875 0.2847222222222222 0.0625 0.09166666666666666
3 0.259375 0.2861111111111111 0.071875 0.08888888888888889