3 0.2375 0.17291666666666666 0.046875 0.05138888888888889
3 0.465234375 0.41041666666666665 0.07578125 0.14305555555555555
3 0.47265625 0.23958333333333334 0.046875 0.08194444444444444
3 0.0921875 0.5069444444444444 0.1234375 0.15555555555555556
3 0.538671875 0.19236111111111112 0.03984375 0.07083333333333333
3 0.8625 0.23541666666666666 0.053125 0.08194444444444444
3 0.803125 0.2048611111111111 0.053125 0.07083333333333333
3 0.099609375 0.38680555555555557 0.09453125 0.1125
3 0.51953125 0.1423611111111111 0.0328125 0.05694444444444444
0 0.725 0.9395833333333333 0.1234375 0.11805555555555555
3 0.32890625 0.09722222222222222 0.0265625 0.03333333333333333
3 0.490234375 0.10208333333333333 0.02578125 0.043055555555555555
3 0.207421875 0.11666666666666667 0.03984375 0.041666666666666664
1 0.041796875 0.2990277777777778 0.02890625 0.08805555555555555
0 0.92734375 0.43819444444444444 0.059375 0.15416666666666667
2 0.6078125 0.11944444444444445 0.0828125 0.15
2 0.6828125 0.06875 0.109375 0.08472222222222223
2 0.0375 0.17916666666666667 0.075 0.1111111111111111
2 0.592578125 0.043055555555555555 0.05546875 0.05555555555555555
0 0.232421875 0.24930555555555556 0.03984375 0.08472222222222223
0 0.97890625 0.32430555555555557 0.040625 0.10416666666666667
5 0.34296875 0.22361111111111112 0.0625 0.14166666666666666
5 0.651953125 0.23074999999999998 0.05390625 0.12816666666666668
0 0.146734375 0.155875 0.0385078125 0.05215277777777778